[app/install/state]
version = 8.2.5
modtime = 1655799547.159268000

[app/install/install_source_checksum]
version = 8.2.5
modtime = 1655799503.914526000
